JOINT ANGLE
{'left_w0': 0.5476311412750927, 
'left_w1': 1.305417650490487, 
'left_w2': 1.2843254146570626, 
'left_e0': -0.559902987578176, 
'left_e1': 0.966791391564782, 
'left_s0': -0.44677190447162674, 
'left_s1': -0.5748593002600588}

JOINT VELOCITY
{'left_w0': 0.009032078877376396, 
'left_w1': 0.007853981632501214, 
'left_w2': 0.005497787142750851, 
'left_e0': -0.027488935713754253, 
'left_e1': -0.007461282550876154, 
'left_s0': 0.021598449489378342, 
'left_s1': -0.012959069693627005}

JOINT EFFORT
{'left_w0': 0.384, 
'left_w1': 0.436, 
'left_w2': 0.028, 
'left_e0': -7.556, 
'left_e1': -12.368, 
'left_s0': -0.28, 
'left_s1': -24.344}

TOOL POSE
{'position': 
Point(x=0.811822240501084, 
      y=0.3329054234877885, 
      z=0.0338670648932424), 
'orientation': 
Quaternion(x=0.6594282773554241, 
           y=0.7511895954314737, 
           z=0.018321416206718028, 
           w=-0.023083856864414866)}

TOOL VELOCITY
{'linear': 
Point(x=0.0071330152163933905, 
      y=0.004967002789068029, 
      z=0.015140683582235257), 
'angular': 
Point(x=-0.007719865494257199, 
      y=-0.01956361691766772, 
      z=0.002652299809376939)}

TOOL EFFORT

{'force': 
Point(x=-0.16008080542087555, 
      y=0.029872648417949677, 
      z=0.5652981400489807), 
'torque': 
Point(x=-0.11186406761407852, 
      y=0.20288941264152527, 
      z=-0.059965383261442184)}

